tree
version=v4
num_class=1
num_tree_per_iteration=1
label_index=0
max_feature_idx=22
objective=binary sigmoid:1
feature_names=amount oldbalanceOrg newbalanceOrig oldbalanceDest newbalanceDest log_amount orig_balance_delta dest_balance_delta balance_mismatch drained_to_zero dest_was_empty amount_to_balance_ratio dest_is_merchant type_CASH_IN type_CASH_OUT type_DEBIT type_PAYMENT type_TRANSFER velocity_count_1h velocity_count_6h velocity_count_24h rolling_mean_amount amount_vs_rolling_mean
feature_infos=[0:69886731.299999997] [0:34479087.719999999] [0:34678253.340000004] [0:273184229.01999998] [0:273268745.19999999] [0:18.06238637945971] [-1240711.4200000018:10000000] [-2657607.73:72830311.850000009] [0:1] [0:1] [0:1] [0:1202051.6399999999] [0:1] [0:1] [0:1] [0:1] [0:1] [0:1] [1:2] [1:2] [1:2] [0:69886731.299999997] [0.0015366822973995958:1.9998412140768678]
tree_sizes=6794

Tree=0
num_leaves=63
num_cat=0
split_feature=8 2 0 7 0 3 11 21 17 0 11 11 7 4 3 7 7 4 4 6 6 0 4 6 7 7 3 4 11 11 3 4 6 4 3 0 21 3 4 0 11 21 21 17 3 3 0 0 0 3 3 3 0 0 2 0 0 0 0 0 4 0
split_gain=1.57156e+09 7.67141e+08 5.32735e+07 278084 2.88374e+06 900078 1.60013e+07 1.6974e+06 655648 1.01702e+06 515845 719005 214879 240412 999058 109737 1.0109e+06 39968.4 68514.7 24852.2 1.06441e+06 24662.5 818888 619426 26632 168408 390242 856091 52602.3 1.02693e+06 29090.8 506254 775679 19975.1 972524 58609.2 497376 315439 596929 18863.4 13713.6 20953.6 291685 740687 29984.3 585915 454393 21195.4 479195 264040 669492 7957.93 2.27374e-13 2.27374e-13 2.27374e-13 5.68434e-14 5.68434e-14 2.84217e-14 2.84217e-14 2.84217e-14 2.84217e-14 1.42109e-14
threshold=1.0000000180025095e-35 1.0000000180025095e-35 957943.19000000006 22297.005000000125 1327482.4250000003 45823.42500000001 1.0000000180025095e-35 40184.240000000013 1.0000000180025095e-35 122143.50000000001 0.99524208752109777 1.6020960920987488 24381.690000000181 415927.07000000001 390933.85000000003 277449.01500000001 281581.4699999998 148562.60000000003 42411.365000000005 4517.8399999999974 4340.1349999999993 1327482.4250000003 1671817.7500000002 1.0000000180025095e-35 113205.30500000004 111166.84499999999 258281.60500000001 366171.27500000008 19.585143747534755 20.6221297661635 7755197.5200000005 8308547.1950000012 74568.930000000008 564678.10000000009 478403.43500000006 40115.245000000003 38888.830000000009 1280340.4150000003 1311347.8900000004 293967.39500000008 1.0000000180025095e-35 201418.01000000004 204083.54500000001 1.0000000180025095e-35 1086479.4850000001 1071485.3300000003 504393.68000000005 328326.28000000009 334288.81500000006 605898.47000000009 615439.02000000014 1713.5800000000002 842062.9850000001 53396.770000000011 11253924.960000003 750948.39500000014 551260.62500000012 2376665.3750000005 93298.36500000002 122143.50000000001 8785831.5500000026 198979.89000000004
decision_type=2 2 2 2 2 2 2 2 2 2 2 2 2 2 2 2 2 2 2 2 2 2 2 2 2 2 2 2 2 2 2 2 2 2 2 2 2 2 2 2 2 2 2 2 2 2 2 2 2 2 2 2 2 2 2 2 2 2 2 2 2 2
left_child=1 -1 15 4 8 6 7 -5 52 -10 -11 -12 13 14 -7 53 -17 18 -9 20 -8 24 23 -23 25 28 27 -27 33 -30 40 32 -32 61 -35 36 -36 38 -38 51 41 58 43 -43 45 47 -47 -44 49 -49 -51 -19 54 -3 -2 56 -42 -21 -26 -37 -46 -14
right_child=3 2 -4 5 -6 12 19 17 9 10 11 -13 21 -15 -16 16 -18 39 -20 57 -22 22 -24 -25 30 26 -28 -29 29 -31 31 -33 -34 34 35 59 37 -39 -40 -41 55 42 44 -45 60 46 -48 48 -50 50 -52 -53 -54 -55 -56 -57 -58 -59 -60 -61 -62 -63
leaf_value=53.913749169740981 -7.1561529149098853 -7.1561529149098808 53.797989546872849 -7.1561529149098853 52.233458632151134 -7.1561529149098853 -7.1561529149098853 53.074060819898968 -7.1561529149104182 -7.1561529149098853 52.542929000589325 -7.1561529149098853 -7.1561529149098853 -7.1561529149098853 53.565175877091363 38.886011495893548 -7.1561529149098853 49.716175558371766 36.029064410189612 -7.1561529149098853 37.801945187371643 53.714075992652432 -7.1561529149098853 -7.1561529149098853 -7.1561529149098853 -7.1561529149098853 -7.1561529149098853 52.399696718958687 38.212797274994927 -7.1561529149098853 -7.1561529149098853 -7.1561529149098853 47.145013584140884 34.091539206116835 -7.1561529149098853 -7.1561529149098853 -7.1561529149098853 -7.1561529149098853 53.515704256857582 46.947755241888409 -7.1561529149098853 -7.1561529149098853 -7.1561529149098853 36.382545483472342 -7.1561529149098853 -7.1561529149098853 37.15983846035531 -7.1561529149098853 -7.1561529149098853 52.209786062200273 -7.1561529149098853 52.638800552729847 -7.1561529149597183 -7.1561529149098417 -7.1561529149098853 -7.1561529149098853 -7.1561529149098853 -7.1561529149098853 -7.1561529149098853 -7.1561529149098853 -7.1561529149098853 -7.1561529149098853
leaf_weight=3199.7498431801796 1297.1488381485688 584.72586206544656 38.009800237603486 1.4745398274390051 2.0532164130127049 2.0820404115365809 45.079490782227367 1.0122803625417867 5.4650490550557134 0.83428988570813123 2.0425728717818861 0.66972436360083509 106.31342095101718 3.0735272138845176 1.0040930231334644 1.3242179939988989 11.955153004033489 4.2881917608901841 1.4118225256679577 159.62610024225432 1.3561486176913593 1.0016368213109661 30.475733479601331 0.71721093216910947 11.716901427251285 1.4696274237940079 4.7208199028391391 1.0237426377134398 1.3438676085788781 17.353884609881788 1.5875251112738618 32.391570901148953 1.1228094445541499 1.4781399748753745 18.645846768515188 105.34076502930839 0.67954917089082223 0.93663162831217039 1.0049117570742965 3.3807093427749342 260.87565176922362 3.2299053965834892 64.661969179054722 1.4003602504963053 134.39435765368398 0.99803667387459372 1.3757982322713358 0.98084326111711506 39.487537966342643 1.0270175734767688 0.8834139221580698 5.0982448400463909 0.17520906333811481 66.900387773290277 59.040541941300035 15.64109320566058 14.956631631124763 1.3468173326691601 146.78507711424027 4.882929223123937 0.19813361368141968 0.9800245271762823
leaf_count=3205 1584335 714183 126 1801 71 2543 55060 18 6675 1019 58 818 129851 3754 8 399 14602 364 506 194967 438 5 37223 876 14311 1795 5766 32 423 21196 1939 39563 153 587 22774 128663 830 1144 9 474 318633 3945 78978 492 164149 1219 462 1198 48230 36 1079 135 214 81712 72112 19104 18268 1645 179283 5964 242 1197
internal_value=23.3922 43.5236 -3.77335 -6.4838 -6.9778 -5.94865 -3.0747 44.0612 -7.06684 6.37521 27.2261 37.8019 -6.56891 2.7421 12.5999 -7.06446 -2.56483 49.0326 43.1469 -6.86219 -5.84316 -6.62448 -5.26236 28.3152 -6.66834 -6.23991 1.29523 17.2966 -6.44983 -3.89534 -6.82376 -5.41921 15.3392 -6.64863 -6.2391 -6.69247 -4.28927 16.1051 29.0393 50.1502 -6.89433 -6.7069 -6.4205 6.01153 -6.65641 -6.04168 18.528 -6.58656 -5.71747 13.9314 24.758 51.3036 -7.15615 -7.15615 -7.15615 -7.15615 -7.15615 -7.15615 -7.15615 -7.15615 -7.15615 -7.15615
internal_weight=6532.41 3902.67 702.915 2629.75 1367.43 1262.32 224.074 16.6658 1365.38 9.01164 3.54659 2.7123 1038.24 6.15966 3.08613 664.906 13.2794 15.1912 2.4241 207.409 46.4356 1032.08 32.1946 1.71885 999.889 266.174 7.21419 2.49337 258.96 18.6978 733.715 35.1019 2.71033 240.262 132.969 131.491 21.2669 2.62109 1.68446 12.7671 698.613 407.139 248.637 4.63027 244.007 109.415 2.37383 107.041 42.3788 2.89127 1.91043 9.38644 1356.36 651.626 1356.19 291.473 275.832 160.973 158.502 110.224 134.592 107.293
internal_count=3990861 814227 811022 3176634 1665302 1511332 255408 3298 1665231 8570 1895 876 1255924 6305 2551 810896 15001 1497 524 252110 55498 1249619 38104 881 1211515 320231 7593 1827 312638 21619 891284 41655 2092 291019 159971 159384 24757 1983 839 973 849629 493624 300030 4437 295593 131202 1681 129521 50543 2313 1115 499 1656661 795895 1656447 356005 336901 196612 193594 134627 164391 131048
is_linear=0
shrinkage=1


end of trees

feature_importances:
amount=17
oldbalanceDest=11
newbalanceDest=9
dest_balance_delta=6
amount_to_balance_ratio=6
orig_balance_delta=4
rolling_mean_amount=4
newbalanceOrig=2
type_TRANSFER=2
balance_mismatch=1

parameters:
[boosting: gbdt]
[objective: binary]
[metric: auc,average_precision]
[tree_learner: serial]
[device_type: cpu]
[data_sample_strategy: bagging]
[data: ]
[valid: ]
[num_iterations: 500]
[learning_rate: 0.05]
[num_leaves: 63]
[num_threads: 0]
[seed: 42]
[deterministic: 0]
[force_col_wise: 0]
[force_row_wise: 0]
[histogram_pool_size: -1]
[max_depth: -1]
[min_data_in_leaf: 200]
[min_sum_hessian_in_leaf: 0.001]
[bagging_fraction: 0.9]
[pos_bagging_fraction: 1]
[neg_bagging_fraction: 1]
[bagging_freq: 5]
[bagging_seed: 400]
[bagging_by_query: 0]
[feature_fraction: 0.9]
[feature_fraction_bynode: 1]
[feature_fraction_seed: 30056]
[extra_trees: 0]
[extra_seed: 12879]
[early_stopping_round: 0]
[early_stopping_min_delta: 0]
[first_metric_only: 0]
[max_delta_step: 0]
[lambda_l1: 0]
[lambda_l2: 0]
[linear_lambda: 0]
[min_gain_to_split: 0]
[drop_rate: 0.1]
[max_drop: 50]
[skip_drop: 0.5]
[xgboost_dart_mode: 0]
[uniform_drop: 0]
[drop_seed: 17869]
[top_rate: 0.2]
[other_rate: 0.1]
[min_data_per_group: 100]
[max_cat_threshold: 32]
[cat_l2: 10]
[cat_smooth: 10]
[max_cat_to_onehot: 4]
[top_k: 20]
[monotone_constraints: ]
[monotone_constraints_method: basic]
[monotone_penalty: 0]
[feature_contri: ]
[forcedsplits_filename: ]
[refit_decay_rate: 0.9]
[cegb_tradeoff: 1]
[cegb_penalty_split: 0]
[cegb_penalty_feature_lazy: ]
[cegb_penalty_feature_coupled: ]
[path_smooth: 0]
[interaction_constraints: ]
[verbosity: -1]
[saved_feature_importance_type: 0]
[use_quantized_grad: 0]
[num_grad_quant_bins: 4]
[quant_train_renew_leaf: 0]
[stochastic_rounding: 1]
[linear_tree: 0]
[max_bin: 255]
[max_bin_by_feature: ]
[min_data_in_bin: 3]
[bin_construct_sample_cnt: 200000]
[data_random_seed: 175]
[is_enable_sparse: 1]
[enable_bundle: 1]
[use_missing: 1]
[zero_as_missing: 0]
[feature_pre_filter: 1]
[pre_partition: 0]
[two_round: 0]
[header: 0]
[label_column: ]
[weight_column: ]
[group_column: ]
[ignore_column: ]
[categorical_feature: ]
[forcedbins_filename: ]
[precise_float_parser: 0]
[parser_config_file: ]
[objective_seed: 16083]
[num_class: 1]
[is_unbalance: 1]
[scale_pos_weight: 1]
[sigmoid: 1]
[boost_from_average: 1]
[reg_sqrt: 0]
[alpha: 0.9]
[fair_c: 1]
[poisson_max_delta_step: 0.7]
[tweedie_variance_power: 1.5]
[lambdarank_truncation_level: 30]
[lambdarank_norm: 1]
[label_gain: ]
[lambdarank_position_bias_regularization: 0]
[eval_at: ]
[multi_error_top_k: 1]
[auc_mu_weights: ]
[num_machines: 1]
[local_listen_port: 12400]
[time_out: 120]
[machine_list_filename: ]
[machines: ]
[gpu_platform_id: -1]
[gpu_device_id: -1]
[gpu_use_dp: 0]
[num_gpu: 1]

end of parameters

pandas_categorical:null
